0.1
0.2
0.4
0.8
1.
1.5
2.
3.
4.
5.
6.
7.
8.
9.
10.
11.
12.
13.
14.
15.
16.
17.
18.
19.
20.
21.
22.
23.
24.
25.
26.
27.
28.
29.
30.
32.
34.
36.
38.
40.
42.
44.
46.
48.
50.
52.
54.
56.
58.
60.
62.
64.
66.
68.
70.
72.
74.
76.
78.
80.
81.
82.
83.
84.
85.
86.
87.
88.
89.
90.
91.
92.
93.
94.
95.
95.5
96.
96.5
97.
97.5
98.
98.5
99.
99.5
100.
100.5
101.
101.5
102.
102.5
103.
103.5
104.
104.5
105.
106.
107.
108.
109.
110.
112.
114.
116.
118.
120.
124.
128.
132.
136.
140.
144.
148.
152.
156.
160.
164.
168.
172.
176.
180.
185.
190.
195.
200.
205.
210.
215.
220.
225.
230.
235.
240.
250.
260.
270.
280.
290.
300.
320.
340.
360.
380.
400.
420.
440.
460.
480.
500.
520.
540.
560.
580.
600.
620.
640.
660.
680.
700.
750.
800
850
900
950
1000
1050
1100
1150
1200
1250
1300
1350
1400
1450
1500
1550
1600
1650
1700
1750
1800
1850
1900
1950
2000
